1	1	0	0	1	1
2	1	0	0	0	0
3	0	1	0	1	1
4	1	1	1	0	0
5	1	0	1	0	1
6	1	0	1	0	1
7	1	0	0	0	0
8	0	1	0	0	1
9	0	1	1	1	1
10	1	1	1	1	0
11	1	1	1	1	1
12	0	0	0	0	0
13	0	0	0	1	0
14	1	0	0	1	0
15	1	1	0	0	0
16	1	0	1	0	0
17	0	0	0	0	1
18	1	0	0	0	1
19	1	1	0	0	1
20	1	0	1	1	1
21	1	0	0	0	0
22	1	0	0	1	1
23	1	1	0	1	0
24	1	1	1	0	0
25	1	1	1	0	1
26	1	1	1	0	0
27	1	1	1	0	0
28	0	0	1	1	1
29	0	1	1	1	1
30	1	0	1	1	1
31	0	0	0	1	0
32	0	1	0	1	1
33	1	0	1	1	1
34	0	0	0	1	0
35	1	1	1	0	1
36	0	1	1	0	1
37	0	0	0	0	1
38	1	0	1	0	1
39	1	0	0	1	0
40	0	1	1	1	1
41	0	1	0	1	0
42	1	0	0	1	1
43	0	0	0	1	0
44	0	0	0	0	1
45	1	0	1	0	0
46	1	0	1	1	1
47	1	0	1	0	0
48	0	1	1	0	0
49	1	0	1	0	0
50	1	1	1	0	1
51	0	1	1	0	0
52	1	1	0	0	0
53	1	1	1	0	1
54	1	0	1	1	0
55	0	1	0	1	0
56	1	1	0	0	0
57	0	0	0	0	0
58	1	0	1	0	1
59	1	0	1	1	1
60	0	1	1	0	1
61	0	1	1	0	1
62	1	0	0	1	1
63	1	1	1	1	1
64	0	1	0	0	1
65	0	1	1	0	0
66	1	1	1	0	0
67	0	1	1	1	1
68	0	0	0	1	0
69	0	0	0	0	1
70	0	0	0	0	0
71	1	1	0	0	0
72	1	0	1	1	0
73	0	0	1	0	0
74	0	0	1	1	1
75	0	0	0	0	0
76	0	0	1	0	1
77	0	0	0	0	1
78	1	1	1	0	1
79	1	1	1	0	1
80	1	0	0	1	1
81	0	1	0	1	0
82	1	1	1	0	1
83	1	1	1	0	1
84	1	0	0	1	1
85	0	1	0	1	0
86	1	1	1	0	0
87	1	1	0	1	0
88	0	1	1	0	0
89	0	0	0	0	1
90	0	0	0	0	1
91	0	0	0	1	0
92	0	0	0	1	1
93	0	1	0	0	1
94	0	1	0	1	1
95	0	0	0	1	1
96	1	0	1	1	1
97	1	1	1	0	0
98	1	0	0	1	0
99	0	0	0	0	0
100	0	0	0	1	0
101	1	0	0	0	0
102	0	1	1	1	0
103	0	0	0	1	0
104	0	1	1	1	0
105	1	1	0	0	0
106	1	1	1	0	1
107	0	0	1	0	1
108	0	0	0	1	1
109	0	1	1	0	0
110	1	1	0	0	0
111	0	1	0	0	0
112	1	0	0	0	1
113	0	1	0	1	1
114	1	0	1	0	0
115	1	0	1	0	1
116	1	0	1	1	1
117	0	1	1	0	0
118	1	1	1	0	1
119	1	0	0	0	0
120	1	0	1	1	1
121	1	0	0	1	1
122	1	1	1	0	0
123	1	1	1	1	0
124	1	1	1	0	1
125	0	1	1	1	0
126	0	1	0	1	0
127	1	1	1	1	0
128	0	1	0	1	0
129	1	0	1	1	1
130	1	1	0	1	1
131	0	0	0	1	1
132	0	1	1	1	0
133	0	0	0	1	0
134	1	1	1	1	0
135	0	0	1	0	0
136	0	0	0	1	0
137	0	0	0	1	0
138	1	0	1	1	0
139	0	1	0	0	0
140	0	0	1	1	1
141	0	1	1	1	1
142	1	0	1	1	0
143	0	1	1	1	0
144	1	1	1	0	1
145	1	1	1	0	0
146	0	1	1	0	0
147	1	0	1	0	0
148	1	1	0	1	1
149	0	0	0	1	0
150	0	0	1	1	1
151	0	0	0	0	0
152	1	0	1	0	0
153	1	0	0	0	0
154	0	0	0	0	1
155	1	0	1	0	0
156	0	1	0	1	0
157	1	1	1	1	1
158	1	0	1	0	0
159	1	1	0	1	0
160	0	1	1	1	1
161	1	0	1	0	0
162	0	1	1	0	0
163	1	1	1	1	0
164	1	1	0	0	0
165	1	1	1	0	0
166	0	1	0	1	1
167	0	1	0	1	1
168	1	1	0	1	0
169	1	1	1	0	1
170	0	0	0	1	1
171	1	1	1	1	1
172	1	1	1	1	0
173	1	0	1	1	0
174	0	0	0	1	0
175	0	0	0	1	1
176	0	1	1	1	1
177	1	0	1	0	1
178	0	1	0	1	0
179	0	1	1	1	1
180	0	1	0	0	1
181	0	0	0	1	0
182	0	0	1	0	0
183	1	0	0	1	1
184	0	0	0	1	0
185	0	1	1	1	0
186	1	0	1	0	1
187	1	1	0	0	0
188	1	0	1	1	1
189	1	1	0	1	1
190	1	0	1	1	0
191	1	1	0	1	1
192	1	1	1	0	1
193	1	1	1	0	0
194	0	0	1	0	1
195	0	1	0	1	0
196	0	0	1	1	0
197	0	0	1	1	1
198	0	0	0	1	1
199	1	1	1	1	1
200	1	1	1	0	1
201	0	0	1	1	1
202	1	0	0	0	0
203	0	0	1	0	1
204	0	0	0	1	0
205	0	0	0	0	0
206	0	0	0	1	1
207	0	1	0	1	1
208	0	0	0	1	0
209	0	0	1	1	1
210	1	1	1	0	1
211	0	1	1	0	1
212	1	1	1	0	0
213	1	1	1	0	1
214	0	1	1	1	1
215	0	0	0	0	1
216	0	1	0	1	0
217	1	0	1	1	0
218	1	1	0	0	1
219	1	1	1	0	0
220	0	1	1	1	1
221	1	1	1	0	0
222	0	1	0	0	0
223	1	0	0	1	0
224	1	1	0	0	1
225	1	1	0	1	0
226	1	1	1	0	1
227	1	1	0	1	0
228	1	0	1	0	0
229	1	1	0	1	0
230	1	0	1	0	1
231	0	1	0	1	1
232	1	0	0	1	0
233	1	0	0	0	1
234	1	1	0	0	0
235	0	1	1	0	0
236	1	0	0	1	1
237	0	0	1	0	0
238	0	1	1	1	0
239	1	1	1	1	0
240	1	1	1	0	1
241	0	0	0	1	0
242	0	1	0	1	1
243	1	0	0	0	1
244	1	0	0	1	1
245	1	1	1	0	0
246	0	1	0	0	0
247	0	1	1	0	1
248	1	0	1	1	0
249	1	1	0	0	0
250	1	0	1	0	1
251	0	1	0	0	0
252	1	1	1	0	0
253	0	1	1	0	0
254	0	1	1	1	1
255	1	1	1	0	1
256	1	0	1	0	1
257	0	1	1	1	1
258	1	1	0	0	0
259	0	0	0	1	1
260	1	1	1	1	0
261	0	1	1	0	1
262	1	1	1	0	1
263	0	0	0	1	0
264	1	1	1	1	1
265	1	1	1	0	0
266	0	0	1	0	0
267	1	0	1	1	0
268	0	0	0	1	1
269	1	1	0	1	0
270	0	0	0	1	1
271	0	1	0	1	0
272	1	0	0	1	1
273	0	1	1	0	1
274	1	1	0	1	0
275	0	0	0	1	1
276	0	1	0	1	0
277	1	0	0	1	1
278	1	0	0	0	0
279	1	1	0	1	0
280	1	1	1	1	1
281	0	0	0	1	0
282	1	0	1	0	1
283	1	0	0	1	0
284	0	0	0	0	0
285	1	0	1	0	1
286	1	1	1	0	0
287	1	0	0	0	0
288	1	0	0	1	0
289	0	1	1	0	0
290	1	1	1	1	0
291	0	0	0	1	1
292	1	1	0	1	0
293	1	1	0	0	1
294	0	0	0	1	1
295	0	0	0	0	1
296	1	0	1	1	0
297	1	0	0	0	1
298	1	1	1	0	0
299	1	1	0	0	0
300	1	1	1	0	0
301	0	0	0	0	1
302	1	1	1	1	1
303	1	1	0	0	1
304	1	1	1	1	0
305	1	0	0	0	0
306	1	1	0	1	0
307	1	0	1	1	0
308	1	0	0	0	0
309	1	1	0	0	1
310	0	0	1	1	0
311	0	0	0	0	0
312	1	1	1	0	1
313	1	1	1	1	0
314	1	1	1	1	1
315	1	1	1	0	1
316	0	1	0	1	1
317	0	0	0	0	0
318	0	0	1	1	0
319	0	0	0	1	1
320	0	0	1	0	1
321	1	1	0	0	1
322	0	0	0	1	0
323	1	1	1	0	1
324	1	0	1	1	0
325	0	0	0	1	1
326	1	1	1	0	0
327	1	1	1	0	1
328	0	0	0	1	1
329	0	1	0	0	0
330	1	0	1	0	1
331	0	0	0	1	1
332	0	0	1	0	1
333	1	1	1	0	0
334	1	1	1	0	1
335	0	1	0	0	1
336	1	1	1	0	0
337	0	0	1	1	1
338	1	0	0	0	1
339	0	1	1	1	1
340	1	0	1	0	1
341	0	0	1	1	0
342	0	1	1	0	1
343	0	1	0	0	0
344	1	1	1	0	0
345	0	1	0	0	0
346	1	1	0	1	1
347	1	1	0	1	1
348	1	1	1	1	1
349	1	1	1	0	1
350	0	0	1	1	1
351	1	1	1	1	0
352	1	0	1	1	0
353	1	0	0	1	1
354	1	1	0	0	1
355	1	1	1	0	1
356	0	0	0	1	0
357	1	0	0	1	0
358	1	0	1	0	0
359	0	0	0	1	0
360	0	1	0	0	1
361	0	1	0	1	1
362	1	1	0	1	0
363	0	1	0	1	1
364	1	0	1	1	0
365	1	1	0	1	1
366	0	0	0	1	0
367	0	1	1	0	0
368	0	0	1	1	1
369	0	1	1	1	1
370	1	0	0	1	1
371	1	0	1	1	0
372	0	1	1	1	1
373	1	1	0	1	0
374	1	1	1	0	1
375	1	0	0	1	0
376	0	0	1	0	0
377	0	0	0	1	0
378	0	0	1	1	0
379	1	0	1	0	1
380	1	0	1	0	1
382	0	0	0	1	1
383	1	1	1	0	0
384	1	0	0	1	1
385	1	1	1	0	1
386	1	1	0	1	0
387	0	1	0	1	1
388	0	1	1	0	1
389	1	0	0	1	1
390	0	1	1	0	1
391	1	0	1	1	0
392	1	0	1	0	1
393	1	0	0	1	1
394	1	0	1	1	1
395	0	0	0	1	0
396	1	1	0	1	0
397	1	0	0	1	0
398	0	0	0	1	1
399	1	1	0	1	0
400	0	0	1	0	0
401	1	1	0	0	1
402	0	0	1	1	1
403	1	1	0	1	0
404	0	0	0	0	1
405	1	1	0	0	0
406	0	0	0	0	0
407	0	1	1	0	0
408	0	0	0	1	0
409	0	1	1	0	1
410	0	1	0	1	0
411	0	1	1	1	1
412	1	1	1	0	0
413	1	1	1	0	0
414	1	1	1	1	0
415	1	0	0	0	0
416	1	1	0	1	0
417	0	1	0	1	0
418	1	0	1	0	0
419	0	1	1	1	0
420	0	1	0	1	0
421	1	1	0	0	0
422	1	1	1	0	0
423	1	1	0	1	0
424	1	1	0	1	0
425	1	1	1	0	0
426	0	0	0	0	0
427	1	0	1	1	1
428	0	0	0	0	0
429	0	1	0	0	0
430	0	1	0	0	0
431	0	0	1	1	0
432	1	0	1	1	1
433	1	1	1	1	1
434	0	1	1	0	0
435	0	0	0	1	1
436	1	1	0	1	0
437	1	1	0	1	1
438	0	1	0	1	0
439	0	0	0	1	0
440	0	0	0	1	1
441	0	1	0	0	1
442	1	0	1	1	1
443	1	1	0	1	0
444	0	1	0	1	0
445	1	0	1	1	1
446	0	0	0	1	1
447	1	1	1	0	0
448	1	0	0	1	1
449	1	0	0	0	0
450	0	1	0	0	0
451	1	0	0	0	1
452	1	1	1	0	1
453	1	0	1	0	0
454	0	1	1	0	1
455	0	0	1	0	1
456	0	0	0	1	1
457	1	0	1	0	1
458	1	0	0	1	0
459	1	0	1	0	1
460	1	0	0	1	1
461	0	0	1	0	1
462	0	0	1	0	1
463	0	0	1	0	1
464	0	0	1	1	0
465	0	1	0	1	0
466	0	1	1	1	0
467	0	1	1	0	0
468	1	1	0	1	0
469	1	0	1	1	0
470	0	1	1	1	1
471	0	0	1	1	0
472	0	1	0	1	0
473	0	1	0	1	0
474	1	1	1	1	0
475	0	0	1	1	0
476	1	1	0	0	1
477	1	1	0	0	1
478	1	1	0	0	0
479	1	0	1	0	1
480	1	0	1	0	1
481	0	1	0	0	0
482	0	1	1	0	1
483	1	1	1	0	0
484	1	0	0	1	0
485	1	1	1	0	0
486	1	0	1	1	1
487	1	0	1	0	0
488	1	0	1	1	1
489	0	1	1	0	0
490	1	0	0	0	0
491	0	0	1	0	1
492	1	1	1	0	0
493	1	1	0	0	1
494	0	0	0	0	0
495	0	0	1	1	1
496	0	1	1	0	1
497	0	0	0	0	0
498	1	0	0	0	0
499	0	0	1	1	0
500	1	1	1	1	1
501	1	0	0	1	0
502	1	1	1	0	1
503	1	1	1	0	1
504	0	1	1	0	0
505	1	1	1	1	1
506	1	1	0	1	1
507	0	1	0	1	1
508	1	0	0	1	1
509	1	1	0	0	0
510	0	0	0	1	0
511	1	0	0	0	0
512	0	0	0	1	0
513	1	1	0	0	1
514	1	1	1	1	0
515	1	0	0	1	1
516	0	0	0	1	1
517	0	0	0	0	0
518	0	1	1	1	0
519	1	1	0	0	1
520	0	0	1	0	0
521	0	1	0	0	1
522	1	1	0	0	0
523	1	0	0	1	1
524	1	0	1	1	0
525	1	1	1	0	0
526	1	1	0	1	0
527	1	0	0	1	1
528	0	0	0	1	0
529	1	1	1	0	1
530	1	1	1	0	1
531	1	1	1	0	1
532	1	1	1	1	0
533	1	1	1	0	1
534	1	0	0	1	1
535	1	0	0	1	1
536	0	0	1	0	1
537	1	0	1	0	0
538	1	0	1	1	1
539	0	1	0	1	1
540	0	1	1	0	0
541	1	1	1	0	0
542	1	1	0	1	0
543	1	1	1	0	0
544	0	1	1	0	0
545	0	1	1	0	1
546	0	1	1	1	0
547	0	0	1	1	1
548	0	0	1	1	0
549	1	0	0	0	0
550	0	0	0	0	0
551	0	0	0	1	1
552	1	0	0	0	1
553	1	0	0	1	0
554	1	1	1	0	0
555	1	1	1	0	1
556	1	1	1	0	0
557	1	1	0	1	0
558	0	1	0	0	1
559	0	1	0	0	0
560	0	1	1	0	0
561	1	1	0	0	0
562	1	1	0	1	1
563	1	0	0	0	1
564	0	1	1	0	1
565	1	1	1	1	1
566	0	0	0	0	1
567	1	0	0	0	0
568	1	1	1	1	1
569	0	1	0	1	0
570	1	1	1	1	1
571	1	0	1	1	1
572	1	0	0	1	1
573	0	0	1	1	0
574	0	0	0	1	0
575	0	0	0	1	0
576	1	1	1	0	1
577	1	1	1	0	1
578	1	0	1	0	0
579	0	0	1	1	1
580	0	1	1	1	0
581	1	0	1	1	0
582	0	0	1	0	1
583	0	0	0	1	1
584	1	1	1	0	1
585	1	1	1	0	1
586	0	0	1	1	1
587	1	1	0	0	1
588	0	1	0	0	1
589	1	0	1	1	1
590	0	1	0	1	0
591	1	1	1	1	0
592	0	1	0	1	1
593	0	0	1	0	0
594	0	1	0	1	1
595	0	0	0	0	1
596	1	0	1	1	0
597	1	1	1	1	0
598	0	0	0	1	0
599	1	1	1	0	0
600	1	0	1	1	0
601	0	0	1	1	0
602	0	0	1	1	1
603	0	0	0	0	0
604	0	0	1	1	0
605	1	0	1	1	0
606	0	0	0	1	1
607	0	0	0	1	1
608	1	1	1	0	0
609	1	0	0	1	0
610	0	0	0	1	1
611	1	1	0	1	1
612	0	0	1	1	1
613	1	1	0	0	1
614	1	1	1	0	1
615	1	0	0	0	1
616	1	0	0	1	1
617	0	0	0	0	1
618	1	0	0	0	1
619	1	0	0	0	1
620	0	0	0	1	1
621	0	0	1	0	1
622	1	0	0	0	0
623	0	1	0	0	1
624	0	1	0	1	1
625	1	0	1	0	0
626	0	1	1	0	0
627	1	0	1	1	1
628	1	0	1	0	0
629	0	0	0	1	0
630	1	0	0	0	0
631	1	0	1	0	0
632	0	0	0	1	1
633	0	1	1	1	1
634	1	1	0	0	1
635	0	0	0	0	0
636	0	1	1	1	1
637	0	1	0	1	1
638	1	1	1	1	0
639	1	1	1	0	0
640	1	1	1	0	0
641	0	1	1	1	0
642	0	0	0	0	1
643	1	1	1	1	0
644	1	0	0	0	1
645	0	1	1	0	1
646	0	0	0	1	1
647	1	1	1	0	1
648	1	0	1	0	0
649	0	1	1	1	1
650	1	1	1	0	1
651	0	1	1	1	1
652	1	0	1	1	1
653	0	1	0	1	0
654	1	1	1	0	1
655	0	0	1	0	1
656	1	0	0	0	1
657	1	0	0	1	0
658	0	0	0	1	0
659	0	0	0	1	0
660	0	0	1	0	0
661	1	1	0	1	1
662	1	1	1	0	1
663	0	0	0	0	1
664	1	0	0	0	1
665	1	0	0	1	0
666	0	1	1	1	0
667	1	1	1	0	1
668	0	0	0	1	0
669	1	1	1	0	1
670	0	0	1	1	1
671	0	1	0	1	1
672	1	1	1	0	0
673	0	1	1	0	0
674	1	1	1	0	1
675	0	0	1	1	1
676	1	0	0	1	1
677	0	1	1	0	0
678	0	0	0	1	1
679	1	1	1	0	0
680	1	1	1	0	0
681	1	1	1	0	0
682	1	1	1	1	1
683	0	0	0	0	1
684	0	1	1	1	0
685	0	1	0	0	0
686	0	1	0	1	0
687	0	0	0	1	0
688	0	1	1	0	1
689	1	0	0	0	1
690	0	1	1	0	0
691	0	1	0	1	0
692	0	0	0	1	1
693	1	1	1	0	1
694	1	1	0	1	1
695	1	0	1	0	1
696	0	0	0	1	1
697	0	0	0	0	0
698	0	1	0	1	1
699	1	1	1	0	1
700	1	0	1	1	0
701	0	1	0	1	1
702	0	0	1	0	1
703	0	0	0	1	0
704	0	1	1	1	1
705	0	1	1	0	0
706	1	0	1	0	0
707	0	1	0	0	1
708	1	1	1	0	0
709	1	1	1	0	0
710	1	0	0	0	1
711	1	1	1	0	0
712	0	1	0	1	0
713	1	0	0	1	0
714	0	1	1	1	0
715	1	0	1	1	1
716	1	0	1	1	0
718	0	1	1	1	0
719	0	0	1	1	1
720	0	0	1	1	0
721	1	1	1	1	1
722	0	1	0	1	0
723	1	0	0	0	1
724	0	1	1	1	1
725	1	0	1	0	0
726	1	1	1	0	1
727	0	0	0	1	0
728	0	0	1	1	0
729	0	1	1	1	1
730	1	1	1	1	1
731	1	0	1	0	0
732	0	0	0	0	1
733	1	0	1	0	0
734	1	1	1	0	0
735	0	1	1	0	0
736	0	0	1	1	0
737	0	0	1	1	0
738	1	0	0	1	0
739	1	1	1	0	0
740	1	1	1	1	1
741	1	0	1	1	1
742	0	0	0	1	0
743	0	1	0	1	1
744	0	0	1	0	0
745	1	0	0	1	0
746	1	1	1	0	0
747	1	0	1	0	1
748	1	0	0	1	0
749	1	0	0	0	0
750	1	0	0	1	1
751	1	1	1	0	1
752	1	1	0	0	1
753	0	0	0	0	0
754	1	0	1	1	1
755	0	1	0	0	0
756	1	0	1	1	1
757	0	1	0	0	1
758	0	1	0	0	0
759	0	1	1	0	0
760	1	1	1	1	1
761	0	1	0	1	1
762	0	0	0	0	1
763	0	0	1	0	1
764	1	0	1	1	0
765	1	0	1	1	0
766	1	0	0	1	0
767	1	0	1	0	1
768	0	0	0	0	0
769	1	0	1	0	0
770	1	0	1	0	1
771	1	1	1	0	0
772	0	0	1	0	1
773	1	1	1	0	1
774	1	0	1	0	1
775	1	0	0	1	1
776	0	0	0	1	1
777	0	1	0	1	0
778	0	1	1	0	1
779	0	0	1	0	0
780	1	0	1	1	1
781	1	1	0	1	0
782	1	0	1	0	1
783	1	1	0	0	0
784	1	0	0	1	0
785	0	1	1	1	1
786	1	1	1	0	0
787	1	1	1	0	1
788	1	0	0	0	0
789	1	1	1	0	1
790	0	1	0	1	1
791	1	0	0	1	1
792	0	0	0	0	0
793	0	0	1	1	0
794	0	0	0	0	1
795	1	1	0	1	0
796	0	1	1	1	1
797	1	1	1	0	0
798	0	0	0	1	1
799	1	1	1	0	1
800	1	1	1	0	1
801	0	1	0	1	0
802	0	1	0	0	1
803	0	1	1	0	0
804	1	0	0	1	1
805	1	0	1	0	0
806	1	1	1	0	0
807	1	0	0	1	1
808	1	1	1	0	1
809	1	0	1	0	0
810	0	1	1	0	0
811	0	0	0	1	0
812	1	0	1	0	1
813	0	0	0	1	0
814	1	1	1	0	1
815	0	0	0	0	1
816	1	1	1	1	1
817	0	0	1	0	1
818	1	0	1	1	0
819	1	0	1	0	1
820	1	0	0	1	1
821	1	0	1	0	0
822	1	0	0	1	0
823	1	1	0	0	1
824	1	0	1	1	1
825	1	1	0	0	1
826	0	1	1	1	0
827	0	0	0	1	1
828	1	0	0	0	0
829	0	0	0	1	1
830	0	1	1	1	1
831	1	0	0	0	1
832	0	0	0	1	1
833	0	0	0	1	1
834	0	0	0	0	1
835	0	0	0	1	1
836	0	0	1	0	0
837	1	1	1	1	0
838	1	0	0	1	1
839	1	1	1	1	1
840	0	1	0	1	0
841	0	0	1	0	1
842	1	1	1	0	0
843	0	1	1	1	1
844	1	0	0	1	0
845	0	1	1	1	0
846	1	1	1	0	0
847	1	1	1	0	1
848	0	0	0	1	0
849	0	0	1	0	0
850	0	1	0	1	0
851	0	0	0	1	1
852	0	1	0	1	0
853	1	0	0	1	1
854	0	0	0	1	0
855	0	0	1	0	0
856	1	0	1	0	0
857	0	0	1	1	0
858	1	1	0	0	0
859	0	1	1	0	0
860	0	1	0	1	0
861	0	1	1	0	1
862	1	1	1	1	0
863	1	0	0	0	0
864	1	1	1	0	0
865	0	1	0	1	1
866	0	1	1	1	1
867	1	0	1	1	1
868	0	1	1	1	0
869	0	0	0	1	0
870	1	0	1	0	1
871	1	0	1	0	1
872	0	1	1	1	1
873	0	0	1	0	1
874	1	0	0	1	0
875	1	1	1	1	0
876	1	1	0	1	1
877	1	0	0	0	0
878	0	0	0	1	0
879	1	1	1	0	0
880	0	0	0	1	1
881	1	1	1	1	1
882	0	0	0	1	0
883	1	1	0	1	0
884	0	0	1	1	0
885	1	1	0	0	1
886	1	0	0	1	0
887	0	0	0	1	0
888	1	0	1	0	1
889	0	1	0	0	1
890	0	1	1	0	0
891	1	1	1	0	1
892	1	0	0	1	1
894	0	0	1	1	1
895	0	0	1	1	1
896	0	0	1	0	1
897	1	1	0	1	0
898	0	0	0	1	1
899	1	0	0	1	1
900	1	1	1	0	0
901	1	1	1	1	1
902	1	1	1	0	1
903	1	0	1	0	0
904	0	1	1	1	1
905	0	1	0	0	0
906	1	1	1	0	0
907	1	0	1	0	1
908	1	1	1	1	0
909	1	0	0	1	1
910	0	0	1	1	0
911	1	1	0	1	0
912	0	0	0	1	1
913	1	0	1	0	1
914	0	0	1	1	1
915	0	1	0	1	0
916	1	0	0	0	1
917	1	0	0	0	1
918	1	0	1	1	0
919	0	1	0	1	0
920	1	1	0	0	0
921	1	0	1	1	1
922	1	1	1	0	1
923	1	1	1	1	0
924	1	1	1	0	0
925	0	0	1	1	1
926	1	1	0	0	1
927	1	0	0	0	1
928	0	0	1	0	0
929	1	0	0	0	1
930	0	1	0	1	1
931	1	0	1	0	1
932	1	1	1	1	1
933	1	1	1	0	0
934	0	0	0	1	1
935	1	0	0	1	1
936	0	1	0	1	0
937	0	1	0	1	0
938	1	1	0	0	1
939	1	0	0	0	1
940	1	1	1	1	0
941	0	0	1	1	0
942	1	0	0	1	1
943	0	0	1	0	0
944	1	0	1	1	0
945	0	0	1	1	1
946	1	1	1	0	1
947	0	0	0	0	1
948	1	1	0	0	1
949	1	1	1	0	1
950	1	1	1	0	0
951	0	0	0	1	1
952	1	1	1	0	0
953	1	1	0	0	1
954	0	1	1	0	1
955	1	1	0	1	0
956	1	1	1	1	1
957	0	1	0	0	1
958	1	1	0	1	0
959	0	1	0	1	0
960	1	1	1	1	1
961	1	1	1	0	0
962	0	0	0	0	1
963	1	1	0	1	0
964	0	0	1	0	0
965	1	1	1	0	0
966	0	1	0	0	0
967	1	0	0	0	1
968	1	1	1	0	1
969	1	1	1	0	1
970	0	0	1	1	0
971	0	0	0	1	1
972	0	0	0	0	1
973	1	1	1	1	0
974	0	1	1	0	0
975	0	0	1	1	1
976	0	1	1	1	1
977	1	0	0	1	1
978	0	1	0	1	1
979	0	0	1	1	1
980	1	0	0	0	0
981	0	0	1	1	0
982	1	0	0	1	0
983	0	1	1	1	0
984	0	1	1	1	1
985	1	1	1	1	1
986	0	1	0	1	0
987	1	1	1	1	0
988	1	0	0	0	1
989	0	1	0	0	0
990	1	0	0	1	1
991	1	1	1	0	0
992	1	0	1	0	0
993	1	1	1	1	0
994	0	0	0	1	0
995	0	0	1	0	1
996	1	0	1	0	1
997	1	1	1	0	1
998	1	0	0	0	1
999	0	1	0	1	1
1000	0	1	1	0	1
1001	0	1	1	0	0
1002	1	0	0	1	1
1003	1	0	1	0	0
1004	1	0	1	1	1
1005	1	0	1	1	1
1006	0	1	0	1	0
1007	1	0	0	1	0
1008	1	0	1	0	0
1009	1	0	0	0	1
1010	0	1	0	0	1
1011	1	1	1	0	0
1012	1	1	0	0	1
1013	1	0	1	1	1
1014	1	0	1	1	1
1015	0	0	0	0	0
1016	1	1	1	0	1
1017	1	0	1	0	0
1018	0	1	1	1	0
1019	0	0	0	1	1
1020	0	0	0	0	1
1021	0	0	0	1	1
1022	1	0	0	0	1
1023	0	0	0	0	1
1024	0	1	0	1	0
1025	1	1	1	0	0
1026	1	0	0	1	1
1027	1	1	1	1	1
1028	1	1	1	0	1
1029	1	1	1	0	1
1030	0	0	0	1	1
1031	1	0	0	1	0
1032	1	0	1	1	0
1033	0	1	1	1	1
1034	1	1	0	1	0
1035	1	1	1	1	1
1036	0	0	1	1	0
1037	0	1	1	0	0
1038	1	1	1	0	1
1039	0	0	0	1	0
1040	0	0	0	1	1
1041	0	1	0	0	1
1042	1	1	1	0	1
1043	1	0	1	0	1
1044	0	0	0	1	0
1045	0	0	1	1	1
1046	0	0	1	1	1
1047	1	0	1	1	1
1048	0	1	1	0	1
1049	0	0	0	1	0
1050	1	0	0	1	0
1051	1	1	1	0	1
1052	0	0	0	1	1
1053	0	0	0	1	1
1054	0	1	1	1	0
1055	1	1	0	1	0
1056	1	1	1	1	1
1057	0	0	0	1	1
1058	1	1	1	0	1
1059	0	1	0	0	1
1060	0	1	0	1	0
1061	1	1	1	0	1
1062	1	0	0	0	1
1063	1	1	1	0	1
1064	1	1	1	1	1
1065	1	1	1	0	1
1066	1	0	1	1	1
1067	1	0	0	1	1
1068	0	1	1	1	0
1069	1	1	1	1	0
1070	1	1	1	1	1
1071	1	0	1	0	0
1072	0	1	0	1	0
1073	0	0	0	1	1
1074	0	0	0	1	1
1075	1	1	1	0	0
1076	1	0	0	0	0
1077	1	0	0	1	1
1078	1	0	0	1	1
1079	0	1	1	0	0
1080	1	1	0	0	0
1081	0	1	0	1	1
1082	1	1	0	1	1
1083	0	0	1	1	1
1084	0	1	1	1	1
1085	1	0	0	1	0
1086	1	1	0	0	0
1087	1	1	0	0	0
1088	1	0	1	1	0
1089	1	0	1	0	1
1090	1	1	0	1	0
1091	0	0	0	1	1
1092	0	0	1	0	0
1093	0	1	0	1	0
1094	1	1	0	0	0
1095	0	0	1	0	0
1096	1	1	1	0	1
1097	0	1	0	0	0
1098	1	1	1	0	0
1099	0	0	0	1	0
1100	1	0	0	1	0
1101	1	0	1	1	1
1102	0	0	0	1	0
1103	1	0	1	0	0
1104	1	0	1	0	0
1105	0	1	0	0	1
1106	0	0	1	0	1
1107	0	0	1	0	1
1108	0	0	0	1	0
1109	1	0	0	0	1
1110	1	1	1	0	0
1111	0	1	0	1	0
1112	0	0	0	0	0
1113	0	0	0	1	0
1114	0	1	0	1	1
1115	1	1	0	1	1
1116	0	0	0	0	0
1117	0	1	0	1	0
1118	1	1	1	0	1
1119	0	0	0	1	0
1120	0	0	0	1	0
1121	1	1	1	0	1
1122	0	0	0	1	1
1123	0	1	1	0	1
1124	0	1	0	1	0
1125	1	0	1	1	0
1126	0	1	0	1	1
1127	0	1	0	0	0
1128	1	1	1	0	1
1129	1	1	1	0	0
1130	0	0	1	1	0
1131	0	0	0	1	0
1132	0	0	0	1	0
1133	1	0	1	0	0
1134	0	1	1	0	1
1135	0	1	0	1	1
1136	0	0	1	0	1
1137	0	1	0	0	1
1138	0	1	0	0	0
1139	1	1	0	1	1
1140	1	1	0	0	0
1141	0	1	1	0	0
1142	0	1	0	0	0
1143	0	0	0	0	0
1144	1	1	1	1	0
1145	0	0	0	0	0
1146	0	1	1	0	0
1147	0	1	0	1	0
1148	0	0	0	0	0
1149	1	0	0	1	0
1150	0	0	1	1	1
1151	1	1	0	0	0
1152	1	1	0	0	0
1153	1	1	1	0	1
1154	1	1	0	1	1
1155	1	1	1	0	1
1156	0	0	0	1	0
1157	0	0	1	1	1
1158	1	1	1	0	1
1159	0	1	0	1	1
1160	1	0	0	1	0
1161	0	0	0	0	0
1162	1	1	0	0	0
1163	1	1	0	0	0
1164	0	0	1	1	0
1165	0	1	1	0	1
1166	1	0	1	0	1
1167	1	0	1	1	0
1168	1	1	1	0	1
1169	0	1	0	1	0
1170	1	1	1	1	0
1171	1	1	1	0	0
1172	1	1	0	1	0
1173	0	0	0	0	0
1174	0	1	1	1	1
1175	1	1	1	0	1
1176	0	0	0	1	1
1177	1	1	1	0	1
1178	1	1	1	1	0
1179	0	1	1	0	0
1180	0	0	1	0	1
1181	0	1	1	1	0
1182	0	1	1	1	0
1183	0	0	0	1	1
1184	0	1	1	1	1
1185	0	0	0	1	0
1186	0	1	1	0	0
1187	0	0	0	1	1
1188	1	1	0	0	1
1189	0	1	1	1	0
1190	1	1	0	1	0
1191	1	0	1	1	1
1192	1	1	1	0	0
1193	0	0	0	1	1
1194	0	0	0	1	0
1195	1	1	1	0	1
1196	1	0	1	0	0
1197	1	1	1	0	0
1198	1	1	0	1	0
1199	1	1	1	0	1
1200	1	0	0	0	1
1201	1	1	1	0	1
1202	1	1	0	0	0
1203	0	1	0	1	0
1204	1	0	0	0	0
1205	0	1	0	0	1
1206	0	1	1	0	1
1207	0	1	0	1	1
1208	1	0	1	0	1
1209	1	1	0	1	1
1210	0	0	1	1	0
1211	1	1	1	1	1
1212	1	0	0	1	0
1213	1	0	0	0	1
1214	1	1	1	1	0
1215	0	1	1	0	1
1216	0	0	0	1	1
1217	0	1	1	0	1
1218	1	0	0	0	0
1219	0	0	0	1	0
1220	0	0	1	1	1
1221	0	0	0	1	0
1222	1	1	0	1	1
1223	0	0	1	1	0
1224	1	0	0	1	1
1225	1	1	1	1	0
1226	0	1	1	0	1
1227	0	0	1	0	1
1228	1	1	0	0	1
1229	0	0	1	1	0
1230	1	1	0	0	0
1231	0	0	0	0	0
1232	0	0	1	1	1
1233	0	1	1	1	1
1234	0	1	0	0	0
1235	0	0	1	0	1
1236	1	1	0	0	0
1237	1	1	1	0	0
1238	1	1	1	0	0
1239	0	0	0	1	0
1240	0	0	0	1	0
1241	1	0	1	1	1
1242	0	1	1	0	1
1243	1	0	0	1	0
1244	1	1	0	1	0
1245	1	0	1	0	1
1246	0	0	0	1	1
1247	0	1	1	0	0
1248	0	1	1	1	0
1249	1	1	0	0	1
1250	0	0	0	1	0
1251	0	1	1	1	1
1252	0	1	1	1	0
1253	1	1	1	0	1
1254	1	1	0	0	1
1255	0	1	0	1	0
1256	1	1	1	0	1
1257	1	0	1	0	1
1258	0	1	0	1	0
1259	1	1	0	0	1
1260	1	1	1	1	1
1261	1	0	1	1	0
1262	0	0	1	1	1
1263	0	0	1	0	0
1264	1	1	0	0	1
1265	0	0	1	1	1
1266	0	1	1	1	0
1267	1	1	1	0	0
1268	1	0	1	1	1
1269	0	0	0	1	1
1270	0	1	0	0	1
1271	0	1	0	0	0
1272	1	0	0	1	0
1273	0	1	0	1	0
1274	0	0	0	0	1
1275	1	1	1	0	1
1276	0	1	0	1	1
1277	0	1	0	1	1
1278	1	0	1	0	1
1279	0	0	1	0	1
1280	0	1	0	0	1
1281	0	1	1	0	0
1282	0	0	0	1	0
1283	0	1	0	1	0
1284	1	0	0	0	0
1285	0	0	0	1	0
1286	1	0	0	0	1
1287	1	1	1	0	1
1288	1	0	0	1	1
1289	1	1	1	0	1
1290	0	1	0	1	1
1291	0	1	1	0	0
1292	0	1	1	1	0
1293	1	0	0	1	0
1294	0	1	1	1	1
1295	1	1	0	0	0
1296	1	1	1	1	1
1297	0	1	0	0	1
1298	1	1	0	0	1
1299	1	0	0	0	1
1300	0	0	0	0	0
1301	1	1	1	0	0
1302	0	1	1	0	1
1303	1	1	0	0	0
1304	0	1	0	1	0
1305	0	0	0	1	0
1306	0	1	0	1	1
1307	0	0	1	0	0
1308	1	0	0	1	0
1309	1	0	1	0	0
1310	1	1	0	0	1
1311	0	1	1	1	1
1312	1	1	1	1	1
1313	0	0	0	1	1
1314	0	1	1	1	0
1315	1	0	0	1	1
1316	1	0	0	0	1
1317	0	0	0	1	1
1318	0	1	1	1	1
1319	0	1	1	0	1
1320	1	1	1	0	1
1321	0	0	0	1	0
1322	0	1	1	1	0
1323	0	0	1	0	1
1324	1	0	0	1	0
1325	1	1	0	0	0
1326	0	1	0	1	0
1327	1	0	1	0	1
1328	0	0	1	1	1
1329	1	1	1	0	0
1330	0	0	0	1	1
1331	1	1	0	0	0
1332	1	1	1	0	1
1333	1	1	1	0	0
1334	1	1	1	0	1
1335	1	1	1	1	1
1336	0	0	0	1	1
1337	1	0	1	1	0
1338	0	1	0	1	1
1339	0	1	1	0	0
1340	1	1	0	1	1
1341	1	1	1	0	0
1342	1	1	0	0	1
1343	0	1	1	1	1
1344	1	1	0	0	1
1345	0	1	0	1	0
1346	0	1	0	0	0
1347	1	1	0	1	0
1348	1	1	1	1	1
1349	0	0	0	1	0
1350	0	1	1	0	0
1351	1	1	1	0	1
1352	1	1	1	1	1
1353	1	1	1	1	0
1354	0	0	0	1	1
1355	0	0	0	1	0
1356	1	1	0	0	0
1357	1	1	0	1	0
1358	0	0	1	1	0
1359	1	0	0	0	0
1360	0	1	0	0	0
1361	0	1	0	1	0
1362	1	1	1	0	1
1363	1	1	1	0	1
1364	1	1	0	0	1
1365	1	1	1	0	1
1366	0	1	0	0	1
1367	1	0	1	0	1
1368	0	0	1	1	1
1369	0	0	0	1	0
1370	1	1	1	0	1
1371	0	0	0	1	1
1372	1	0	0	0	1
1373	1	1	1	0	0
1374	0	0	0	1	1
1375	0	0	0	1	1
1376	1	1	1	0	1
1377	1	1	0	0	1
1378	1	0	0	0	1
1379	1	1	0	0	1
1380	1	1	1	1	1
1381	1	1	1	0	1
1382	0	0	1	1	1
1383	1	1	1	0	1
1384	1	1	1	1	0
1385	1	1	0	0	1
1386	0	1	1	0	0
1387	0	0	0	1	0
1388	0	1	1	0	1
1389	0	1	1	0	1
1390	0	0	0	1	1
1391	0	1	1	1	0
1392	1	1	1	0	0
1393	0	0	1	0	1
1394	1	1	1	1	1
1395	1	1	0	1	0
1396	1	0	1	0	1
1397	1	1	0	0	0
1398	1	1	0	1	1
1399	1	0	0	0	1
1400	1	1	1	0	1
1401	0	0	0	1	0
1402	1	1	1	0	0
1403	1	1	0	1	1
1404	1	1	0	0	0
1405	1	0	0	0	1
1406	1	0	1	0	0
1407	0	0	0	1	1
1408	1	1	1	0	1
1409	1	1	1	0	0
1410	1	1	1	1	0
1411	1	0	1	1	0
1412	1	1	0	0	1
1413	0	0	0	1	0
1414	0	1	1	0	1
1415	1	1	1	1	1
1416	1	1	0	0	0
1417	0	0	1	1	0
1418	0	1	0	0	1
1419	0	0	1	1	1
1420	1	1	1	0	1
1421	0	0	0	0	1
1422	0	0	0	1	0
1423	0	1	1	0	1
1424	1	1	1	1	1
1425	0	0	0	1	0
1426	0	0	0	1	1
1427	0	0	1	1	1
1428	0	0	1	0	0
1429	0	0	1	1	0
1430	0	0	1	0	0
1431	0	0	0	1	0
1432	1	1	1	0	1
1433	0	0	0	1	0
1434	0	0	0	0	1
1435	1	1	1	1	1
1436	0	0	1	1	0
1437	0	0	1	1	1
1438	1	1	0	0	1
1439	0	0	0	1	0
1440	0	0	1	1	1
1441	0	1	1	1	1
1442	1	1	1	1	1
1443	0	1	1	1	0
1444	0	1	1	1	0
1445	1	1	0	0	1
1446	0	0	0	1	1
1447	0	1	0	0	1
1448	0	0	0	1	0
1449	1	1	1	0	1
1450	0	0	1	0	1
1451	0	0	0	0	1
1452	0	0	0	1	0
1453	0	0	0	0	0
1454	1	0	1	0	1
1455	0	1	1	1	1
1456	1	0	1	0	0
1457	1	1	1	0	1
1458	1	0	0	1	1
1459	0	1	0	1	0
1460	1	0	1	0	1
1461	1	0	1	1	1
1462	1	1	0	1	0
1463	1	1	0	1	0
1464	0	1	1	1	1
1465	1	0	1	1	1
1466	1	1	1	0	0
1467	1	1	0	0	1
1468	0	1	0	0	0
1469	1	1	0	0	0
1470	0	0	1	0	1
1471	0	0	1	0	0
1472	1	1	1	1	0
1473	1	0	1	0	0
1474	0	1	1	0	1
1475	1	0	1	0	1
1476	0	0	1	0	0
1477	0	0	0	1	0
1478	1	0	1	1	1
1479	0	0	0	0	1
1480	1	0	0	1	0
1481	0	1	1	0	0
1482	1	0	0	0	0
1483	1	1	0	0	0
1484	0	1	1	1	1
1485	0	0	0	1	1
1486	1	1	0	1	1
1487	0	1	0	1	1
1488	0	0	1	1	1
1489	0	1	0	1	0
1490	1	1	1	0	1
1491	0	1	1	0	0
1492	0	1	1	0	1
1493	0	1	0	1	0
1494	0	0	0	1	1
1495	1	1	0	0	0
1496	1	1	0	1	0
1497	1	1	0	1	0
1498	1	1	1	1	1
1499	1	0	1	1	0
1500	0	1	1	0	1
1501	0	0	0	1	0
1502	1	0	0	1	0
1503	1	1	1	0	0
1504	0	0	0	1	1
1505	1	0	0	0	1
1506	0	1	1	1	1
1507	0	1	1	0	1
1508	0	1	0	0	1
1509	0	1	1	0	1
1510	0	0	0	1	0
1511	1	1	1	0	0
1512	1	0	0	0	1
1513	0	1	0	0	1
1514	0	0	0	1	0
1515	1	0	1	0	1
1516	0	1	1	0	1
1517	1	1	0	0	0
1518	0	0	1	0	0
1519	1	1	1	0	0
1520	0	0	1	1	1
1521	0	0	0	1	1
1522	0	1	1	1	0
1523	1	0	0	0	1
1524	0	0	0	1	0
1525	0	0	1	0	1
1527	0	0	1	1	0
1528	0	1	1	1	1
1529	0	0	0	1	0
1530	1	0	0	0	0
1531	0	0	0	1	1
1532	0	0	0	1	0
1533	1	1	0	0	0
1534	0	0	1	1	0
1535	1	0	1	1	0
1536	1	1	1	0	1
1537	0	1	1	1	1
1538	0	1	1	0	0
1539	1	0	1	0	0
1540	0	1	1	1	0
1541	1	1	1	1	0
1542	1	1	1	0	1
1543	1	0	0	0	0
1544	1	1	1	0	0
1545	0	0	0	1	1
1546	1	0	0	1	0
1547	1	0	1	1	1
1548	1	1	0	0	0
1549	0	0	0	0	1
1550	0	1	0	1	0
1551	1	1	1	1	0
1552	0	0	0	1	0
1553	0	0	0	1	0
1554	0	0	1	1	1
1555	1	0	1	0	0
1556	1	1	0	0	0
1557	0	0	1	0	1
1558	1	1	1	0	1
1559	1	0	0	1	1
1560	1	0	0	0	0
1561	1	1	0	0	0
1562	1	0	1	0	0
1563	0	1	0	1	1
1564	0	0	1	0	1
1565	0	0	0	1	0
1566	1	1	1	0	0
1567	1	1	0	1	0
1568	0	0	0	0	1
1569	1	0	0	1	1
1570	0	0	0	1	0
1571	0	1	1	1	0
1572	1	1	1	1	1
1573	0	0	0	1	0
1574	1	1	0	0	0
1575	1	0	1	0	0
1576	1	0	0	0	0
1577	0	1	0	1	0
1578	0	1	0	0	1
1579	1	0	0	0	1
1580	1	1	1	0	0
1581	0	1	1	0	1
1582	1	0	1	0	1
1583	0	1	1	0	0
1584	0	0	1	1	0
1585	1	0	1	1	0
1586	0	1	0	1	1
1587	0	0	0	1	0
1588	0	1	0	1	1
1589	0	0	1	0	1
1590	0	1	1	0	0
1591	0	1	0	0	1
1592	1	0	1	0	0
1593	1	1	1	0	0
1594	0	0	0	0	1
1595	1	1	0	1	0
1596	1	1	0	0	0
1597	0	1	1	0	1
1598	0	1	1	1	0
1599	0	1	0	1	0
1600	1	1	1	0	1
1601	1	1	0	0	1
1602	0	0	1	1	1
1603	1	1	1	0	1
1604	1	1	0	0	1
1605	0	0	0	0	0
1606	1	0	1	0	0
1607	1	0	1	0	1
1608	0	1	1	0	0
1609	0	0	1	1	1
1610	1	0	0	0	0
1611	1	0	1	1	1
1612	0	0	0	1	1
1613	0	1	0	1	0
1614	0	0	1	1	1
1615	0	0	0	1	1
1616	1	0	0	1	1
1617	0	1	0	1	0
1618	0	0	1	0	1
1619	0	1	0	0	0
1620	0	0	0	0	0
1621	1	0	1	1	0
1622	0	1	1	0	1
1623	1	1	0	0	0
1624	1	1	0	0	1
1625	1	1	0	1	0
1626	0	1	1	0	1
1627	1	0	0	1	0
1628	0	0	0	0	1
1629	0	0	0	0	0
1630	0	0	0	1	0
1631	1	0	0	1	0
1632	0	0	1	1	0
1633	0	1	0	0	1
1634	0	0	1	0	1
1635	0	1	1	1	0
1636	1	1	1	0	1
1637	1	0	1	1	1
1638	1	1	1	0	1
1639	1	1	1	1	1
1640	1	1	0	0	1
1641	0	0	0	1	1
1642	1	1	1	1	1
1643	1	1	0	0	1
1644	1	1	0	1	1
1645	0	0	0	1	1
1646	0	0	0	1	0
1647	0	0	0	0	0
1648	1	1	1	0	1
1649	0	0	0	1	1
1650	1	1	1	0	0
1651	0	0	0	1	1
1652	1	1	1	0	1
1653	1	0	1	0	0
1654	1	1	0	0	0
1655	1	1	1	0	1
1656	0	0	0	1	1
1657	0	0	0	0	1
1658	0	0	0	0	0
1659	0	1	1	1	1
1660	0	0	1	0	0
1661	1	0	1	0	1
1662	1	1	1	1	0
1663	1	1	0	1	0
1664	0	0	1	1	0
1665	1	0	0	1	0
1666	0	1	1	0	0
1667	0	1	1	0	0
1668	0	0	0	1	1
1669	0	1	0	0	1
1670	0	0	0	0	0
1671	1	1	0	1	1
1672	1	0	1	0	1
1673	1	1	1	0	0
1674	0	1	0	1	0
1675	0	1	0	0	0
1676	0	1	0	0	0
1677	1	1	0	1	0
1678	1	1	0	0	1
1679	0	1	0	1	0
1680	0	1	0	1	0
1681	0	0	1	1	1
1682	0	1	0	1	0
1683	0	1	0	1	0
1684	1	1	0	1	0
1685	1	0	0	1	0
1686	1	1	0	0	0
1687	1	1	1	0	0
1688	1	1	0	1	1
1689	0	0	1	0	1
1690	1	0	1	1	1
1691	1	0	0	0	1
1692	1	0	0	0	1
1693	1	0	1	0	0
1694	0	0	0	0	1
1695	1	0	0	1	0
1696	1	0	1	0	1
1697	1	1	0	0	1
1698	1	1	1	0	0
1699	1	0	0	0	0
1700	0	0	0	1	1
1701	0	0	1	1	0
1702	1	1	0	0	0
1703	0	0	1	0	1
1704	1	1	1	0	1
1705	1	1	1	1	1
1706	0	0	1	0	1
1707	1	1	0	0	1
1708	1	1	0	0	1
1709	0	1	1	0	0
1710	1	0	1	1	0
1711	1	0	0	1	1
1712	1	0	0	0	0
1713	0	0	1	0	1
1714	0	0	0	1	0
1715	0	0	0	1	0
1716	0	0	1	1	1
1717	1	0	1	0	1
1718	0	0	0	1	1
1719	1	1	1	0	1
1720	0	0	1	0	0
1721	1	1	1	0	1
1722	1	0	1	0	1
1723	1	1	1	0	0
1724	0	1	0	1	1
1725	1	1	1	0	1
1726	1	1	1	1	0
1727	0	1	1	1	1
1728	0	0	1	1	1
1729	1	1	0	0	0
1730	1	1	0	0	1
1731	0	0	0	0	1
1732	1	1	1	0	1
1733	0	0	1	0	0
1734	1	1	1	0	1
1735	1	0	0	1	0
1736	1	1	1	0	1
1737	1	0	1	0	1
1738	0	1	0	0	1
1739	0	0	0	0	0
1740	1	0	1	1	1
1741	1	0	0	1	1
1742	0	1	1	1	0
1743	0	1	1	0	1
1744	0	1	0	1	0
1745	1	1	1	1	1
1746	1	1	0	0	1
1747	0	0	1	1	0
1748	0	0	0	1	0
1749	1	0	0	1	0
1750	0	0	0	1	0
1751	1	0	0	1	1
1752	1	1	1	0	1
1753	0	0	1	1	1
1754	1	1	0	0	1
1755	0	0	1	0	0
1756	0	0	0	0	0
1757	1	1	1	1	1
1758	0	0	1	0	1
1759	1	0	0	0	1
1760	1	1	1	1	1
1761	1	1	0	0	0
1762	0	0	0	1	1
1763	1	1	0	1	0
1764	1	1	1	0	1
1765	1	0	0	0	1
1766	1	1	1	0	1
1767	1	0	1	1	0
1768	0	0	0	1	1
1769	1	0	0	1	0
1770	1	0	0	0	0
1771	1	1	1	1	0
1772	1	0	1	0	0
1773	1	1	0	0	0
1774	1	0	0	1	1
1775	0	1	0	1	1
1776	1	1	0	1	0
1777	0	0	1	1	0
1778	1	1	1	0	1
1779	0	1	0	1	0
1780	0	1	1	1	0
1781	0	0	0	1	0
1782	1	0	1	0	1
1783	1	1	1	1	0
1784	0	1	1	0	0
1785	1	0	0	0	1
1786	0	0	1	1	0
1787	1	0	1	1	0
1788	1	1	1	0	1
1789	0	0	0	1	0
1790	1	0	1	0	1
1791	1	0	1	0	1
1792	1	1	1	0	0
1793	0	0	0	1	1
1794	1	0	1	1	1
1795	0	1	1	0	1
1796	1	0	1	0	0
1797	1	0	1	0	0
1798	1	1	0	1	1
1799	1	0	1	1	1
1800	0	0	1	1	0
1801	0	0	1	1	0
1802	1	1	1	0	0
1803	0	0	0	0	1
1804	1	1	0	1	0
1805	0	1	0	0	0
1806	1	1	0	1	1
1807	0	1	1	0	1
1808	0	1	0	0	0
1809	1	0	0	0	0
1810	1	0	1	1	1
1811	1	0	1	0	1
1812	0	0	1	1	0
1813	1	0	0	1	1
1814	1	1	1	0	0
1815	1	0	1	1	1
1816	0	0	1	0	0
1817	0	1	0	1	0
1818	0	0	0	1	1
1819	0	1	1	1	1
1820	1	1	0	1	1
1821	1	0	1	0	0
1822	1	1	0	0	0
1823	0	1	1	0	0
1824	0	1	0	1	0
1825	1	1	1	1	1
1826	0	0	0	1	0
1827	1	1	1	0	1
1828	1	0	1	0	0
1829	1	1	1	0	0
1830	0	1	1	0	1
1831	1	1	1	0	1
1832	1	0	0	1	0
1833	1	0	1	0	0
1834	0	1	1	1	1
1835	1	1	1	0	1
1836	1	0	1	0	0
1837	1	0	1	0	1
1838	1	0	0	1	1
1839	1	0	1	0	1
1840	1	1	1	0	0
1841	1	1	0	1	1
1842	1	0	1	0	0
1843	1	1	1	0	0
1844	0	0	1	0	1
1845	1	1	1	1	0
1846	0	0	0	0	1
1847	0	0	1	1	0
1848	0	0	0	0	0
1849	1	0	1	0	1
1850	1	1	0	0	0
1851	1	1	1	1	0
1852	1	0	0	1	0
1853	0	0	1	0	1
1854	1	1	1	0	1
1855	0	1	1	1	1
1856	0	0	1	1	0
1857	1	0	1	1	0
1858	1	0	1	0	1
1859	0	0	1	1	1
1860	1	0	0	1	0
1861	1	1	0	1	0
1862	0	1	0	0	1
1863	0	0	0	0	0
1864	1	0	1	1	1
1865	0	0	1	0	1
1866	0	0	0	1	1
1867	0	0	1	1	1
1868	0	0	0	1	0
1869	1	1	0	0	0
1870	1	0	0	0	1
1871	0	0	1	1	0
1872	0	1	1	0	1
1873	0	1	0	1	1
1874	1	1	1	0	1
1875	1	0	1	0	0
1876	1	0	1	1	1
1877	0	1	1	1	1
1878	1	1	0	0	0
1879	0	1	1	1	0
1880	0	1	1	1	1
1881	1	0	1	1	1
1882	1	0	1	0	1
1883	1	1	1	1	0
1884	0	0	1	1	0
1885	1	0	1	1	1
1886	1	1	1	1	1
1887	1	1	0	0	0
1888	0	0	1	1	1
1889	1	0	0	1	0
1890	1	1	0	0	1
1891	1	0	0	1	0
1892	0	1	1	1	0
1893	1	0	0	1	1
1894	1	0	0	1	0
1895	1	0	1	0	0
1896	0	0	0	0	1
1897	0	0	1	1	0
1898	0	1	1	0	1
1899	0	1	0	0	1
1900	0	0	0	1	1
1901	1	0	0	1	1
1902	1	1	0	0	1
1903	1	1	1	1	0
1904	1	1	0	0	0
1905	0	1	1	1	1
1906	1	0	1	0	0
1907	1	1	1	1	1
1908	0	0	1	0	0
1909	0	1	0	1	0
1910	1	0	0	0	1
1911	1	0	0	0	1
1912	1	1	0	0	1
1913	0	0	0	1	0
1914	0	1	0	0	1
1915	0	0	1	0	1
1916	1	0	0	0	1
1917	0	0	1	1	1
1918	1	0	0	0	1
1919	0	1	1	0	1
1920	1	1	0	1	0
1921	1	1	1	0	0
1922	0	0	0	1	1
1923	0	0	0	1	0
1924	1	0	1	1	1
1925	0	1	1	0	0
1926	1	0	1	0	1
1927	1	1	0	0	0
1928	1	1	0	0	0
1929	0	0	1	0	1
1930	1	1	1	0	1
1931	0	1	1	0	0
1932	1	1	1	0	1
1933	1	1	0	0	0
1934	0	0	0	1	1
1935	1	0	0	0	1
1936	1	1	0	1	1
1937	1	0	0	1	0
1938	0	1	1	0	1
1939	0	0	0	0	0
1940	1	1	0	0	0
1941	1	1	1	0	1
1942	1	1	0	0	0
1943	1	1	1	0	1
1944	1	1	1	1	1
1945	1	0	1	0	1
1946	0	0	0	1	1
1947	0	1	1	1	0
1948	1	0	0	1	0
1949	1	1	1	0	1
1950	1	0	1	1	0
1951	1	0	0	0	1
1952	0	0	0	1	1
1953	0	0	0	1	1
1954	0	1	0	1	0
1955	0	0	0	0	1
1956	1	0	1	0	1
1957	0	1	1	1	0
1958	1	1	1	1	0
1959	1	0	1	0	1
1960	1	0	1	1	0
1961	1	1	0	0	0
1962	1	1	0	1	0
1963	1	1	0	1	1
1964	0	0	1	1	1
1965	0	0	1	1	1
1967	1	0	1	1	1
1968	0	1	0	1	0
1969	1	0	0	0	0
1970	1	1	1	0	0
1971	0	0	0	1	0
1972	1	1	0	1	0
1973	1	1	0	1	1
1974	1	0	1	1	1
1975	1	1	1	0	0
1976	1	1	1	0	0
1977	0	1	0	1	1
1978	0	0	1	0	0
1979	0	0	1	1	0
1980	1	1	0	0	0
1981	0	0	1	1	1
1982	0	0	0	0	1
1983	1	0	0	1	0
1984	1	0	0	0	0
1985	1	0	0	1	1
1986	0	1	0	0	0
1987	1	1	1	1	0
1988	0	0	1	0	1
1989	0	0	1	0	0
1990	0	0	0	0	1
1991	1	0	0	1	1
1992	0	0	0	1	1
1993	1	1	0	1	1
1994	0	1	0	0	1
1995	1	0	0	0	1
1996	1	0	0	0	1
1997	1	0	0	1	0
1998	0	1	0	1	0
1999	0	0	0	0	1
2000	1	0	0	0	0
2001	1	0	1	0	1
2002	1	1	1	1	0
2003	1	1	0	1	1
2004	1	1	1	0	1
2005	1	1	1	0	1
2006	0	0	1	1	1
2007	1	0	1	0	1
2008	0	1	0	1	1
2009	0	1	1	1	1
2010	1	1	1	0	1
2011	0	1	1	1	1
2012	0	0	0	1	0
2013	1	0	1	0	1
2014	1	1	1	0	0
2015	0	1	0	1	1
2016	1	0	0	1	0
2017	0	0	1	0	1
2018	1	1	0	0	0
2019	0	0	1	1	0
2020	0	1	1	0	0
2021	1	1	1	1	1
2022	0	0	1	1	0
2023	1	0	1	1	0
2024	1	1	1	1	0
2025	0	0	0	0	1
2026	1	1	1	0	0
2027	0	1	1	1	0
2028	0	1	0	0	1
2029	1	1	1	1	0
2030	1	0	1	0	0
2031	1	1	1	0	1
2032	0	0	1	1	0
2033	1	1	1	0	1
2034	1	0	0	0	1
2035	1	0	1	0	1
2036	1	0	1	0	1
2037	1	1	1	0	0
2038	1	0	0	1	0
2039	0	0	1	1	1
2040	0	0	0	0	1
2041	0	1	0	1	0
2042	1	1	0	1	1
2043	1	1	1	1	0
2044	0	1	1	0	0
2045	0	1	0	0	1
2046	1	0	0	0	1
2047	0	1	0	0	1
2048	0	0	1	0	1
2049	0	1	1	1	1
2050	1	1	0	1	1
2051	1	0	1	0	0
2052	0	0	1	1	0
2053	0	0	0	1	1
2054	0	1	1	1	1
2055	0	0	1	0	0
2056	1	0	0	1	0
2057	1	1	1	0	1
2058	0	1	1	0	0
2059	0	0	0	1	1
2060	1	1	1	0	1
2061	1	1	1	0	1
2062	0	1	0	1	1
2063	1	0	1	0	1
2064	1	1	1	0	0
2065	1	0	0	0	0
2066	1	0	1	1	0
2067	0	0	0	0	0
2068	1	0	1	0	1
2069	0	0	1	0	1
2070	1	1	1	0	1
2071	0	1	1	0	0
2072	1	1	0	0	1
2073	0	1	1	1	0
2074	0	1	1	0	0
2075	1	0	1	1	1
2076	0	1	1	1	1
2077	1	1	0	0	0
2078	1	1	0	1	1
2079	1	0	0	0	0
2080	0	0	0	0	0
2081	1	1	1	0	1
2082	0	1	0	1	0
2083	1	1	0	0	0
2084	1	1	1	0	1
2085	1	1	1	0	0
2086	1	1	0	1	1
2087	1	1	1	0	0
2088	1	1	0	1	1
2089	0	0	0	1	1
2090	1	0	0	1	0
2091	0	0	0	1	0
2092	0	1	0	1	0
2093	1	0	1	0	0
2094	0	0	0	1	1
2095	1	0	1	1	1
2096	1	1	1	1	0
2097	0	1	1	1	1
2098	0	1	0	1	1
2099	0	0	1	0	0
2100	0	1	1	1	0
2101	0	0	0	0	1
2102	0	0	0	1	0
2103	1	1	1	1	1
2104	0	0	1	0	0
2105	0	1	1	0	0
2106	0	0	0	1	0
2107	0	0	0	1	0
2108	0	0	1	1	0
2109	0	0	1	1	1
2110	1	1	0	0	0
2111	0	0	0	0	0
2112	1	1	1	1	1
2113	1	1	0	0	1
2114	1	1	1	0	1
2115	0	0	1	0	0
2116	1	0	0	1	0
2117	0	1	1	1	0
2118	0	0	1	1	0
2119	0	1	0	1	1
2120	1	1	0	1	1
2121	1	1	1	1	1
2122	0	0	0	1	0
2123	1	0	0	1	0
2124	0	1	1	0	0
2125	0	1	0	0	0
2126	1	0	1	1	1
2127	1	1	1	1	0
2128	1	0	1	0	1
2129	1	0	1	0	0
2130	1	0	1	0	1
2131	1	1	1	1	0
2132	1	1	1	0	1
2133	1	1	0	0	1
2134	1	1	1	1	0
2135	1	1	1	0	1
2136	0	1	1	0	0
2137	1	1	0	1	0
2138	0	0	0	1	0
2139	1	1	1	0	1
2140	0	1	0	0	0
2141	1	1	1	0	1
2142	0	0	1	1	1
2143	0	0	1	0	0
2144	1	0	1	1	1
2145	1	0	1	0	0
2146	0	1	0	0	0
2147	0	1	1	0	1
2148	1	1	1	0	1
2149	1	1	0	1	0
2150	0	1	1	0	1
2151	1	0	1	1	1
2152	1	0	1	0	0
2153	1	0	1	1	1
2154	1	0	1	1	1
2155	1	1	0	0	0
2156	1	1	1	1	1
2157	0	0	1	0	1
2158	0	0	0	0	1
2159	0	0	1	1	1
2160	0	0	0	1	1
2161	0	0	1	0	1
2162	1	1	0	1	1
2163	0	0	1	0	1
2164	0	0	1	0	1
2165	1	1	0	0	1
2166	1	0	0	1	1
2167	1	0	0	1	0
2168	0	1	0	1	1
2169	0	0	1	1	0
2170	1	1	1	0	0
2171	1	1	1	1	1
2172	0	0	0	1	1
2173	1	0	1	0	0
2174	1	0	0	1	0
2175	0	0	0	1	1
2176	1	1	1	1	0
2177	0	0	1	0	1
2178	0	0	1	0	0
2179	1	1	1	0	0
2180	1	0	1	0	1
2181	1	1	1	0	1
2182	0	0	0	1	0
2183	1	0	0	1	0
2184	0	0	0	0	0
2185	0	0	1	1	0
2186	0	0	0	0	0
2187	1	0	0	0	1
2188	0	1	1	0	1
2189	0	0	0	0	1
2190	0	1	1	0	0
2191	0	0	0	1	1
2192	1	0	0	0	1
2193	1	0	0	1	1
2194	1	1	1	0	1
2195	0	0	1	1	1
2196	1	1	1	1	0
2197	0	0	0	1	1
2198	0	0	0	0	0
2199	1	1	1	0	1
2200	1	0	1	0	1
2201	1	0	0	0	0
2202	1	0	1	1	0
2203	0	1	1	0	0
2204	1	1	1	1	0
2205	1	0	0	0	1
2206	0	1	1	0	1
2207	1	0	1	1	0
2208	1	1	1	0	1
2209	1	0	1	1	0
2210	0	1	1	0	1
2211	1	1	1	0	0
2212	1	1	1	1	1
2213	1	0	0	0	0
2214	1	1	1	0	0
2215	1	0	0	1	1
2217	0	0	1	1	0
2218	0	1	0	1	1
2219	0	1	1	0	1
2220	1	1	0	0	1
2221	1	0	0	1	0
2222	0	0	0	0	1
2223	0	1	1	1	1
2224	0	1	0	1	1
2225	0	0	0	1	0
2226	1	0	1	1	0
2227	0	0	0	0	0
2228	1	1	0	0	1
2229	1	1	1	0	0
2230	1	1	1	0	1
2231	0	0	0	1	0
2232	1	1	0	1	0
2233	0	0	0	1	0
2234	0	0	0	1	1
2235	1	1	0	0	1
2236	0	1	0	0	0
2237	1	1	1	0	0
2238	0	0	1	1	1
2239	0	0	0	1	1
2240	0	0	0	1	1
2241	1	1	1	0	0
2242	1	1	1	0	1
2243	0	1	0	0	0
2244	0	0	0	1	1
2245	1	1	0	1	0
2246	1	1	1	0	1
2247	0	0	1	1	1
2248	1	1	1	1	0
2249	0	1	0	0	0
2250	1	1	1	0	1
2251	1	0	0	0	1
2252	1	1	0	0	0
2253	0	1	0	0	1
2254	1	1	0	0	0
2255	0	0	1	1	1
2256	1	0	0	1	1
2257	1	1	1	0	0
2258	0	0	1	0	1
2259	0	0	1	1	1
2260	0	1	1	1	1
2261	1	1	0	0	1
2262	1	0	1	0	1
2263	0	1	0	1	0
2264	1	1	1	0	1
2265	0	1	1	0	1
2266	0	1	1	0	1
2267	1	0	1	0	1
2268	0	0	0	1	0
2269	0	0	0	0	1
2270	0	0	0	0	1
2271	1	1	1	1	0
2272	1	0	0	0	1
2273	0	0	1	1	1
2274	0	1	0	0	0
2275	1	1	1	0	1
2276	0	0	0	0	0
2277	0	0	0	1	1
2278	1	1	0	0	1
2279	0	0	0	1	1
2280	1	1	0	0	1
2281	0	0	1	1	0
2282	1	1	1	1	1
2283	0	1	1	1	1
2284	0	1	1	0	1
2285	1	1	1	1	0
2286	1	0	0	1	0
2287	0	1	1	1	0
2288	1	0	0	1	0
2289	0	0	0	1	0
2290	0	1	1	0	1
2291	1	1	0	1	0
2292	1	1	1	1	0
2293	1	1	1	0	0
2294	1	1	1	1	1
2295	0	0	1	1	0
2296	0	0	0	0	0
2297	0	1	1	0	1
2298	0	0	1	1	1
2299	0	1	0	0	0
2300	0	1	0	1	0
2301	0	0	0	1	0
2302	1	1	0	0	0
2303	1	0	1	0	1
2304	1	1	1	0	1
2305	1	0	0	1	1
2306	0	1	1	0	0
2307	1	0	0	1	0
2308	1	1	1	1	0
2309	1	0	0	1	0
2310	1	1	0	1	0
2311	1	0	0	1	0
2312	0	0	0	1	0
2313	1	0	0	0	0
2314	0	0	1	1	0
2315	1	1	1	0	1
2316	1	1	0	0	0
2317	0	1	1	0	0
2318	1	1	0	1	1
2319	0	1	0	1	1
2320	1	1	1	0	1
2321	1	1	0	0	1
2322	1	0	1	1	1
2323	1	0	0	0	1
2324	1	0	0	0	1
2325	1	0	0	0	0
2326	1	1	1	0	0
2327	0	1	0	1	0
2328	1	1	1	0	1
2329	1	1	0	1	0
2330	1	0	0	1	0
2331	1	1	1	0	0
2332	0	1	1	0	1
2333	1	0	0	0	0
2334	0	1	0	1	1
2335	0	1	0	1	1
2336	0	0	1	0	0
2337	1	0	1	1	1
2338	0	0	0	1	1
2339	0	0	1	0	0
2340	0	0	0	1	0
2341	1	0	0	0	1
2342	0	1	0	0	1
2343	0	0	0	1	0
2344	1	1	0	0	0
2345	0	0	1	1	1
2346	0	0	0	0	1
2347	0	0	1	1	1
2348	1	1	0	0	0
2349	1	1	0	0	0
2350	0	1	0	1	0
2351	0	0	1	1	1
2352	1	0	0	0	0
2353	1	0	0	1	1
2354	1	1	1	0	1
2355	0	0	0	0	1
2356	1	1	1	0	1
2357	0	1	1	0	1
2358	0	0	0	1	0
2359	1	1	1	0	1
2360	0	1	0	0	1
2361	1	1	0	1	0
2362	1	1	1	1	1
2363	1	0	1	0	1
2364	1	1	0	0	0
2365	1	1	0	0	1
2366	1	1	1	0	0
2367	0	0	0	0	1
2368	1	1	1	0	0
2369	1	1	1	1	0
2370	0	0	0	1	1
2371	0	1	1	0	0
2372	0	0	0	1	0
2373	0	0	1	0	0
2374	0	1	1	0	1
2375	0	0	1	0	1
2376	0	0	0	1	0
2377	0	0	1	1	1
2378	0	1	1	1	1
2379	0	0	0	1	1
2380	0	0	0	1	0
2381	1	1	1	1	1
2382	1	0	1	1	1
2383	0	0	1	0	1
2384	1	1	0	0	0
2385	0	0	0	0	0
2386	0	1	0	0	1
2387	1	1	1	0	1
2388	0	0	0	1	1
2389	1	1	1	1	0
2390	0	0	0	0	0
2391	1	0	1	1	0
2392	0	0	0	0	1
2393	1	0	0	0	1
2394	1	1	0	1	0
2395	1	1	1	0	1
2396	1	1	1	0	1
2397	0	0	0	1	0
2398	1	1	1	1	0
2399	0	1	0	1	1
2400	1	1	0	0	0
2401	1	1	1	0	0
2402	0	0	0	1	0
2403	1	1	0	0	1
2404	0	0	0	1	0
2405	1	1	1	1	1
2406	0	0	0	1	0
2407	1	1	0	1	0
2408	0	1	0	1	0
2409	0	1	0	0	1
2410	1	1	0	1	0
2411	1	1	1	0	1
2412	0	0	0	0	0
2413	0	1	1	1	1
2414	0	0	1	1	1
2415	0	1	1	0	1
2416	0	0	0	0	0
2417	1	1	0	1	1
2418	0	0	0	1	1
2419	1	1	1	1	1
2420	0	0	0	0	0
2421	0	0	0	1	1
2422	1	0	0	0	1
2423	1	0	1	0	1
2424	0	0	1	1	1
2425	1	1	1	0	0
2426	1	0	1	1	1
2427	1	1	1	0	1
2428	0	0	0	1	1
2429	0	0	1	1	0
2430	0	0	0	1	1
2431	1	1	0	0	0
2432	1	1	0	0	0
2433	0	1	0	1	1
2434	1	1	0	0	1
2435	1	1	1	0	1
2436	0	1	0	1	0
2437	0	0	0	1	0
2438	1	1	1	0	0
2439	0	0	0	0	0
2440	0	0	1	0	1
2441	0	0	0	1	0
2442	0	0	0	1	1
2443	1	1	1	1	0
2444	1	0	1	1	1
2445	0	0	1	0	0
2446	0	0	1	0	0
2447	1	1	1	1	1
2448	0	0	1	1	1
2449	1	1	1	1	0
2450	1	0	1	0	1
2451	1	0	1	0	1
2452	1	1	1	0	1
2453	1	0	1	0	1
2454	0	0	1	0	0
2455	0	0	0	1	0
2456	1	1	0	0	0
2457	0	1	1	0	0
2458	0	0	0	1	1
2459	1	0	1	1	0
2460	0	0	1	1	0
2461	1	0	0	0	1
2462	0	1	1	0	1
2463	0	1	0	1	0
2464	0	0	1	1	1
2465	1	0	0	0	0
2466	0	0	0	1	1
2467	1	0	0	1	1
